{
    "currentFrameRate": 70.5729,
    "devices": [],
    "gestures": [],
    "hands": [
        {
            "armBasis": [
                [
                    -0.625859,
                    -0.00679633,
                    -0.779906
                ],
                [
                    -0.380900,
                    0.875265,
                    0.298037
                ],
                [
                    -0.680599,
                    -0.483596,
                    0.550381
                ]
            ],
            "armWidth": 60.8052,
            "confidence": 1.00000,
            "direction": [
                0.483690,
                0.175052,
                -0.857555
            ],
            "elbow": [
                -400.248,
                210.362,
                220.293
            ],
            "grabAngle": 0.493227,
            "grabStrength": 0.000000,
            "id": 1,
            "palmNormal": [
                0.252881,
                -0.965958,
                -0.0545472
            ],
            "palmPosition": [
                -172.009,
                353.690,
                15.2474
            ],
            "palmVelocity": [
                -157.524,
                278.170,
                24.9714
            ],
            "palmWidth": 90.1928,
            "pinchDistance": 90.9445,
            "pinchStrength": 0.000000,
            "r": [
                [
                    0.966699,
                    -0.143398,
                    -0.211966
                ],
                [
                    0.126548,
                    0.987768,
                    -0.0911033
                ],
                [
                    0.222437,
                    0.0612457,
                    0.973021
                ]
            ],
            "s": 1.69871,
            "sphereCenter": [
                -148.876,
                304.080,
                -22.4876
            ],
            "sphereRadius": 78.8633,
            "stabilizedPalmPosition": [
                -172.007,
                353.685,
                15.2470
            ],
            "t": [
                -117.427,
                172.577,
                -77.3937
            ],
            "timeVisible": 14.0218,
            "type": "left",
            "wrist": [
                -218.139,
                339.759,
                73.0268
            ]
        },
        {
            "armBasis": [
                [
                    0.891852,
                    -0.0304066,
                    -0.451303
                ],
                [
                    0.210391,
                    0.911125,
                    0.354382
                ],
                [
                    0.400418,
                    -0.411007,
                    0.818986
                ]
            ],
            "armWidth": 60.8052,
            "confidence": 1.00000,
            "direction": [
                -0.214576,
                0.153656,
                -0.964545
            ],
            "elbow": [
                173.929,
                235.814,
                328.900
            ],
            "grabAngle": 0.346487,
            "grabStrength": 0.000000,
            "id": 5,
            "palmNormal": [
                -0.162430,
                -0.979410,
                -0.119889
            ],
            "palmPosition": [
                40.6499,
                356.945,
                40.0224
            ],
            "palmVelocity": [
                -3.87444,
                304.398,
                53.5572
            ],
            "palmWidth": 90.1928,
            "pinchDistance": 90.6900,
            "pinchStrength": 0.000000,
            "r": [
                [
                    0.922646,
                    0.117837,
                    -0.367205
                ],
                [
                    -0.375847,
                    0.488060,
                    -0.787741
                ],
                [
                    0.0863933,
                    0.864819,
                    0.494595
                ]
            ],
            "s": 2.15532,
            "sphereCenter": [
                28.4517,
                426.419,
                2.97851
            ],
            "sphereRadius": 86.9609,
            "stabilizedPalmPosition": [
                40.6511,
                356.842,
                40.0036
            ],
            "t": [
                -96.0059,
                23.1010,
                -246.358
            ],
            "timeVisible": 2.24483,
            "type": "right",
            "wrist": [
                66.7886,
                345.788,
                109.763
            ]
        }
    ],
    "id": 1290,
    "interactionBox": {
        "center": [
            0.000000,
            200.000,
            0.000000
        ],
        "size": [
            235.247,
            235.247,
            147.751
        ]
    },
    "pointables": [
        {
            "bases": [
                [
                    [
                        -0.468973,
                        0.821491,
                        -0.324371
                    ],
                    [
                        0.372486,
                        0.516967,
                        0.770713
                    ],
                    [
                        -0.800823,
                        -0.240620,
                        0.548438
                    ]
                ],
                [
                    [
                        -0.178450,
                        0.854877,
                        -0.487176
                    ],
                    [
                        0.0698151,
                        0.504876,
                        0.860364
                    ],
                    [
                        -0.981469,
                        -0.119519,
                        0.149778
                    ]
                ],
                [
                    [
                        -0.178450,
                        0.854877,
                        -0.487176
                    ],
                    [
                        0.242608,
                        0.518065,
                        0.820214
                    ],
                    [
                        -0.953571,
                        -0.0281741,
                        0.299849
                    ]
                ],
                [
                    [
                        -0.178450,
                        0.854877,
                        -0.487176
                    ],
                    [
                        0.367559,
                        0.517197,
                        0.772922
                    ],
                    [
                        -0.912719,
                        0.0411384,
                        0.406512
                    ]
                ]
            ],
            "btipPosition": [
                -80.9981,
                347.378,
                48.1830
            ],
            "carpPosition": [
                -180.567,
                341.467,
                74.2833
            ],
            "dipPosition": [
                -101.227,
                348.290,
                57.1924
            ],
            "direction": [
                0.953571,
                0.0281741,
                -0.299849
            ],
            "extended": true,
            "handId": 1,
            "id": 10,
            "length": 49.3533,
            "mcpPosition": [
                -180.567,
                341.467,
                74.2833
            ],
            "pipPosition": [
                -132.015,
                347.380,
                66.8739
            ],
            "stabilizedTipPosition": [
                -85.6279,
                347.548,
                50.2510
            ],
            "timeVisible": 14.0218,
            "tipPosition": [
                -85.2830,
                348.776,
                52.9353
            ],
            "tipVelocity": [
                -163.654,
                286.447,
                31.1462
            ],
            "tool": false,
            "touchDistance": 0.338746,
            "touchZone": "hovering",
            "type": 0,
            "width": 18.9970
        },
        {
            "bases": [
                [
                    [
                        -0.744803,
                        -0.158380,
                        -0.648216
                    ],
                    [
                        -0.158481,
                        0.985614,
                        -0.0587209
                    ],
                    [
                        -0.648191,
                        -0.0589947,
                        0.759189
                    ]
                ],
                [
                    [
                        -0.854153,
                        -0.166690,
                        -0.492583
                    ],
                    [
                        -0.227631,
                        0.971511,
                        0.0659599
                    ],
                    [
                        -0.467555,
                        -0.168467,
                        0.867762
                    ]
                ],
                [
                    [
                        -0.854153,
                        -0.166690,
                        -0.492583
                    ],
                    [
                        -0.0709304,
                        0.975726,
                        -0.207191
                    ],
                    [
                        -0.515162,
                        0.142033,
                        0.845242
                    ]
                ],
                [
                    [
                        -0.854153,
                        -0.166690,
                        -0.492583
                    ],
                    [
                        0.0891078,
                        0.886308,
                        -0.454442
                    ],
                    [
                        -0.512331,
                        0.432056,
                        0.742189
                    ]
                ]
            ],
            "btipPosition": [
                -100.674,
                361.433,
                -59.8523
            ],
            "carpPosition": [
                -187.047,
                360.518,
                62.1714
            ],
            "dipPosition": [
                -108.963,
                368.423,
                -47.8438
            ],
            "direction": [
                0.515162,
                -0.142033,
                -0.845242
            ],
            "extended": true,
            "handId": 1,
            "id": 11,
            "length": 55.6897,
            "mcpPosition": [
                -139.777,
                364.820,
                6.80749
            ],
            "pipPosition": [
                -120.755,
                371.674,
                -28.4971
            ],
            "stabilizedTipPosition": [
                -102.556,
                362.998,
                -57.0945
            ],
            "timeVisible": 14.0218,
            "tipPosition": [
                -96.4554,
                363.687,
                -52.3546
            ],
            "tipVelocity": [
                -159.623,
                272.817,
                26.5683
            ],
            "tool": false,
            "touchDistance": 0.346343,
            "touchZone": "hovering",
            "type": 1,
            "width": 18.1459
        },
        {
            "bases": [
                [
                    [
                        -0.787525,
                        -0.330581,
                        -0.520116
                    ],
                    [
                        -0.296310,
                        0.943115,
                        -0.150782
                    ],
                    [
                        -0.540374,
                        -0.0353708,
                        0.840681
                    ]
                ],
                [
                    [
                        -0.866240,
                        -0.331869,
                        -0.373485
                    ],
                    [
                        -0.366220,
                        0.930249,
                        0.0227944
                    ],
                    [
                        -0.339869,
                        -0.156523,
                        0.927356
                    ]
                ],
                [
                    [
                        -0.866240,
                        -0.331869,
                        -0.373485
                    ],
                    [
                        -0.242124,
                        0.932721,
                        -0.267223
                    ],
                    [
                        -0.437040,
                        0.141050,
                        0.888314
                    ]
                ],
                [
                    [
                        -0.866240,
                        -0.331869,
                        -0.373485
                    ],
                    [
                        -0.0817982,
                        0.831641,
                        -0.549257
                    ],
                    [
                        -0.492886,
                        0.445238,
                        0.747547
                    ]
                ]
            ],
            "btipPosition": [
                -122.500,
                358.173,
                -83.8872
            ],
            "carpPosition": [
                -195.924,
                360.304,
                53.8050
            ],
            "dipPosition": [
                -131.271,
                366.096,
                -70.5841
            ],
            "direction": [
                0.437040,
                -0.141050,
                -0.888314
            ],
            "extended": true,
            "handId": 1,
            "id": 12,
            "length": 63.4539,
            "mcpPosition": [
                -158.553,
                362.750,
                -4.33380
            ],
            "pipPosition": [
                -143.040,
                369.894,
                -46.6629
            ],
            "stabilizedTipPosition": [
                -124.515,
                359.991,
                -80.8279
            ],
            "timeVisible": 14.0218,
            "tipPosition": [
                -120.905,
                364.576,
                -78.7333
            ],
            "tipVelocity": [
                -145.834,
                275.752,
                28.7188
            ],
            "tool": false,
            "touchDistance": 0.352880,
            "touchZone": "hovering",
            "type": 2,
            "width": 17.8217
        },
        {
            "bases": [
                [
                    [
                        -0.833869,
                        -0.402332,
                        -0.377877
                    ],
                    [
                        -0.368893,
                        0.915478,
                        -0.160681
                    ],
                    [
                        -0.410585,
                        -0.00540945,
                        0.911806
                    ]
                ],
                [
                    [
                        -0.880381,
                        -0.399588,
                        -0.255458
                    ],
                    [
                        -0.413067,
                        0.910700,
                        -0.000971357
                    ],
                    [
                        -0.233034,
                        -0.104666,
                        0.966820
                    ]
                ],
                [
                    [
                        -0.880381,
                        -0.399588,
                        -0.255458
                    ],
                    [
                        -0.320128,
                        0.898099,
                        -0.301555
                    ],
                    [
                        -0.349925,
                        0.183704,
                        0.918589
                    ]
                ],
                [
                    [
                        -0.880381,
                        -0.399588,
                        -0.255458
                    ],
                    [
                        -0.185008,
                        0.785317,
                        -0.590804
                    ],
                    [
                        -0.436694,
                        0.472871,
                        0.765305
                    ]
                ]
            ],
            "btipPosition": [
                -153.027,
                348.748,
                -88.4751
            ],
            "carpPosition": [
                -205.287,
                357.170,
                46.6855
            ],
            "dipPosition": [
                -160.754,
                357.115,
                -74.9342
            ],
            "direction": [
                0.349925,
                -0.183704,
                -0.918589
            ],
            "extended": true,
            "handId": 1,
            "id": 13,
            "length": 61.0127,
            "mcpPosition": [
                -179.793,
                357.506,
                -9.92967
            ],
            "pipPosition": [
                -169.933,
                361.934,
                -50.8366
            ],
            "stabilizedTipPosition": [
                -154.803,
                350.670,
                -85.3609
            ],
            "timeVisible": 14.0218,
            "tipPosition": [
                -155.081,
                357.269,
                -85.5077
            ],
            "tipVelocity": [
                -144.379,
                277.782,
                23.9720
            ],
            "tool": false,
            "touchDistance": 0.364933,
            "touchZone": "hovering",
            "type": 3,
            "width": 16.9585
        },
        {
            "bases": [
                [
                    [
                        -0.803294,
                        -0.545950,
                        -0.238027
                    ],
                    [
                        -0.528915,
                        0.837657,
                        -0.136307
                    ],
                    [
                        -0.273802,
                        -0.0164016,
                        0.961646
                    ]
                ],
                [
                    [
                        -0.840761,
                        -0.539063,
                        -0.0503206
                    ],
                    [
                        -0.539683,
                        0.841867,
                        -0.00149324
                    ],
                    [
                        -0.0431682,
                        -0.0259017,
                        0.998732
                    ]
                ],
                [
                    [
                        -0.840761,
                        -0.539063,
                        -0.0503206
                    ],
                    [
                        -0.498061,
                        0.806541,
                        -0.318476
                    ],
                    [
                        -0.212264,
                        0.242699,
                        0.946594
                    ]
                ],
                [
                    [
                        -0.840761,
                        -0.539063,
                        -0.0503206
                    ],
                    [
                        -0.397835,
                        0.678172,
                        -0.617908
                    ],
                    [
                        -0.367217,
                        0.499493,
                        0.784639
                    ]
                ]
            ],
            "btipPosition": [
                -187.292,
                336.527,
                -76.8095
            ],
            "carpPosition": [
                -214.401,
                347.366,
                42.2456
            ],
            "dipPosition": [
                -193.286,
                344.680,
                -64.0019
            ],
            "direction": [
                0.212264,
                -0.242699,
                -0.946594
            ],
            "extended": true,
            "handId": 1,
            "id": 14,
            "length": 47.8328,
            "mcpPosition": [
                -198.663,
                348.308,
                -13.0271
            ],
            "pipPosition": [
                -197.218,
                349.176,
                -46.4692
            ],
            "stabilizedTipPosition": [
                -188.669,
                338.398,
                -73.8640
            ],
            "timeVisible": 14.0218,
            "tipPosition": [
                -191.761,
                343.598,
                -74.3857
            ],
            "tipVelocity": [
                -145.451,
                275.847,
                17.7190
            ],
            "tool": false,
            "touchDistance": 0.333560,
            "touchZone": "hovering",
            "type": 4,
            "width": 15.0638
        },
        {
            "bases": [
                [
                    [
                        0.490963,
                        0.853301,
                        -0.175592
                    ],
                    [
                        -0.618719,
                        0.483424,
                        0.619264
                    ],
                    [
                        0.613304,
                        -0.195393,
                        0.765297
                    ]
                ],
                [
                    [
                        0.237122,
                        0.866409,
                        -0.439442
                    ],
                    [
                        -0.391531,
                        0.499209,
                        0.772977
                    ],
                    [
                        0.889088,
                        -0.0112347,
                        0.457599
                    ]
                ],
                [
                    [
                        0.237122,
                        0.866409,
                        -0.439442
                    ],
                    [
                        -0.467810,
                        0.498278,
                        0.729982
                    ],
                    [
                        0.851427,
                        0.0324807,
                        0.523467
                    ]
                ],
                [
                    [
                        0.237122,
                        0.866409,
                        -0.439442
                    ],
                    [
                        -0.427836,
                        0.499248,
                        0.753464
                    ],
                    [
                        0.872198,
                        0.00934629,
                        0.489063
                    ]
                ]
            ],
            "btipPosition": [
                -58.9195,
                343.921,
                48.6292
            ],
            "carpPosition": [
                31.8835,
                344.621,
                99.0067
            ],
            "dipPosition": [
                -39.5892,
                344.128,
                59.4682
            ],
            "direction": [
                -0.851427,
                -0.0324807,
                -0.523467
            ],
            "extended": true,
            "handId": 5,
            "id": 50,
            "length": 49.3533,
            "mcpPosition": [
                31.8835,
                344.621,
                99.0067
            ],
            "pipPosition": [
                -12.0984,
                345.177,
                76.3699
            ],
            "stabilizedTipPosition": [
                -54.4726,
                343.896,
                51.1155
            ],
            "timeVisible": 2.24483,
            "tipPosition": [
                -53.4147,
                343.816,
                49.5915
            ],
            "tipVelocity": [
                -5.56008,
                293.631,
                25.6032
            ],
            "tool": false,
            "touchDistance": 0.419731,
            "touchZone": "hovering",
            "type": 0,
            "width": 18.9970
        },
        {
            "bases": [
                [
                    [
                        0.913406,
                        -0.103288,
                        -0.393728
                    ],
                    [
                        0.105267,
                        0.994305,
                        -0.0166310
                    ],
                    [
                        0.393203,
                        -0.0262557,
                        0.919077
                    ]
                ],
                [
                    [
                        0.929198,
                        -0.104305,
                        -0.354558
                    ],
                    [
                        0.215770,
                        0.931980,
                        0.291301
                    ],
                    [
                        0.300057,
                        -0.347179,
                        0.888500
                    ]
                ],
                [
                    [
                        0.929198,
                        -0.104305,
                        -0.354558
                    ],
                    [
                        0.111699,
                        0.993742,
                        0.000390880
                    ],
                    [
                        0.352299,
                        -0.0399670,
                        0.935034
                    ]
                ],
                [
                    [
                        0.929198,
                        -0.104305,
                        -0.354558
                    ],
                    [
                        -0.0233029,
                        0.940905,
                        -0.337867
                    ],
                    [
                        0.368847,
                        0.322208,
                        0.871857
                    ]
                ]
            ],
            "btipPosition": [
                -14.4534,
                375.923,
                -49.4422
            ],
            "carpPosition": [
                40.4603,
                364.182,
                89.2382
            ],
            "dipPosition": [
                -8.48555,
                381.137,
                -35.3358
            ],
            "direction": [
                -0.352299,
                0.0399670,
                -0.935034
            ],
            "extended": true,
            "handId": 5,
            "id": 51,
            "length": 55.6897,
            "mcpPosition": [
                11.7859,
                366.097,
                22.2145
            ],
            "pipPosition": [
                -0.421799,
                380.222,
                -13.9339
            ],
            "stabilizedTipPosition": [
                -13.0821,
                376.934,
                -46.2296
            ],
            "timeVisible": 2.24483,
            "tipPosition": [
                -13.8154,
                378.353,
                -46.0040
            ],
            "tipVelocity": [
                3.26370,
                386.912,
                62.3141
            ],
            "tool": false,
            "touchDistance": 0.334141,
            "touchZone": "hovering",
            "type": 1,
            "width": 18.1459
        },
        {
            "bases": [
                [
                    [
                        0.926713,
                        -0.273867,
                        -0.257294
                    ],
                    [
                        0.266781,
                        0.961711,
                        -0.0627738
                    ],
                    [
                        0.264635,
                        -0.0104680,
                        0.964292
                    ]
                ],
                [
                    [
                        0.943933,
                        -0.273881,
                        -0.184334
                    ],
                    [
                        0.321944,
                        0.887271,
                        0.330307
                    ],
                    [
                        0.0730888,
                        -0.371133,
                        0.925699
                    ]
                ],
                [
                    [
                        0.943933,
                        -0.273881,
                        -0.184334
                    ],
                    [
                        0.283795,
                        0.958440,
                        0.0292099
                    ],
                    [
                        0.168673,
                        -0.0798851,
                        0.982430
                    ]
                ],
                [
                    [
                        0.943933,
                        -0.273881,
                        -0.184334
                    ],
                    [
                        0.203557,
                        0.922427,
                        -0.328165
                    ],
                    [
                        0.259913,
                        0.272244,
                        0.926460
                    ]
                ]
            ],
            "btipPosition": [
                20.6270,
                379.599,
                -67.9627
            ],
            "carpPosition": [
                51.4319,
                364.628,
                83.9207
            ],
            "dipPosition": [
                25.2523,
                384.444,
                -51.4757
            ],
            "direction": [
                -0.168673,
                0.0798851,
                -0.982430
            ],
            "extended": true,
            "handId": 5,
            "id": 52,
            "length": 63.4539,
            "mcpPosition": [
                33.1306,
                365.352,
                17.2334
            ],
            "pipPosition": [
                29.7945,
                382.293,
                -25.0201
            ],
            "stabilizedTipPosition": [
                21.6856,
                380.594,
                -64.1901
            ],
            "timeVisible": 2.24483,
            "tipPosition": [
                21.4005,
                377.093,
                -64.6403
            ],
            "tipVelocity": [
                18.6996,
                403.954,
                63.9836
            ],
            "tool": false,
            "touchDistance": 0.334163,
            "touchZone": "hovering",
            "type": 2,
            "width": 17.8217
        },
        {
            "bases": [
                [
                    [
                        0.932790,
                        -0.344136,
                        -0.107117
                    ],
                    [
                        0.340609,
                        0.938863,
                        -0.0502244
                    ],
                    [
                        0.117853,
                        0.0103637,
                        0.992977
                    ]
                ],
                [
                    [
                        0.940089,
                        -0.340921,
                        0.00247080
                    ],
                    [
                        0.319588,
                        0.883742,
                        0.341854
                    ],
                    [
                        -0.118729,
                        -0.320583,
                        0.939750
                    ]
                ],
                [
                    [
                        0.940089,
                        -0.340921,
                        0.00247080
                    ],
                    [
                        0.340621,
                        0.939519,
                        0.0357874
                    ],
                    [
                        -0.0145220,
                        -0.0328017,
                        0.999356
                    ]
                ],
                [
                    [
                        0.940089,
                        -0.340921,
                        0.00247080
                    ],
                    [
                        0.323404,
                        0.889444,
                        -0.322955
                    ],
                    [
                        0.107904,
                        0.304405,
                        0.946411
                    ]
                ]
            ],
            "btipPosition": [
                58.8568,
                370.573,
                -64.4160
            ],
            "carpPosition": [
                62.6791,
                362.177,
                79.9625
            ],
            "dipPosition": [
                60.7660,
                375.959,
                -47.6707
            ],
            "direction": [
                0.0145220,
                0.0328017,
                -0.999356
            ],
            "extended": true,
            "handId": 5,
            "id": 53,
            "length": 61.0127,
            "mcpPosition": [
                55.3615,
                361.534,
                18.3073
            ],
            "pipPosition": [
                60.3850,
                375.098,
                -21.4543
            ],
            "stabilizedTipPosition": [
                59.2946,
                371.747,
                -60.5754
            ],
            "timeVisible": 2.24483,
            "tipPosition": [
                58.5765,
                367.583,
                -60.8868
            ],
            "tipVelocity": [
                7.41316,
                363.517,
                59.7893
            ],
            "tool": false,
            "touchDistance": 0.334281,
            "touchZone": "hovering",
            "type": 3,
            "width": 16.9585
        },
        {
            "bases": [
                [
                    [
                        0.870974,
                        -0.490988,
                        0.0183097
                    ],
                    [
                        0.490610,
                        0.871110,
                        0.0216522
                    ],
                    [
                        -0.0265807,
                        -0.00987561,
                        0.999598
                    ]
                ],
                [
                    [
                        0.825605,
                        -0.472642,
                        0.308197
                    ],
                    [
                        0.398796,
                        0.875191,
                        0.273865
                    ],
                    [
                        -0.399172,
                        -0.103197,
                        0.911050
                    ]
                ],
                [
                    [
                        0.825605,
                        -0.472642,
                        0.308197
                    ],
                    [
                        0.512765,
                        0.856414,
                        -0.0602350
                    ],
                    [
                        -0.235475,
                        0.207763,
                        0.949414
                    ]
                ],
                [
                    [
                        0.825605,
                        -0.472642,
                        0.308197
                    ],
                    [
                        0.563847,
                        0.711669,
                        -0.419051
                    ],
                    [
                        -0.0212732,
                        0.519747,
                        0.854055
                    ]
                ]
            ],
            "btipPosition": [
                92.9161,
                344.715,
                -40.9450
            ],
            "carpPosition": [
                73.3136,
                353.024,
                78.5408
            ],
            "dipPosition": [
                92.5689,
                353.199,
                -27.0043
            ],
            "direction": [
                0.235475,
                -0.207763,
                -0.949414
            ],
            "extended": true,
            "handId": 5,
            "id": 54,
            "length": 47.8328,
            "mcpPosition": [
                74.8414,
                353.592,
                21.0867
            ],
            "pipPosition": [
                88.2075,
                357.047,
                -9.41941
            ],
            "stabilizedTipPosition": [
                92.8389,
                346.623,
                -37.7458
            ],
            "timeVisible": 2.24483,
            "tipPosition": [
                93.3575,
                347.522,
                -37.8404
            ],
            "tipVelocity": [
                -17.7965,
                303.398,
                48.1850
            ],
            "tool": false,
            "touchDistance": 0.418941,
            "touchZone": "hovering",
            "type": 4,
            "width": 15.0638
        }
    ],
    "r": [
        [
            0.833083,
            -0.547636,
            0.0778963
        ],
        [
            0.538721,
            0.771315,
            -0.338900
        ],
        [
            0.125512,
            0.324296,
            0.937592
        ]
    ],
    "s": 0.745874,
    "t": [
        -134.604,
        1.00705,
        -17.1346
    ],
    "timestamp": 21425669218
}